mapname = 'Turb'
maptype = 'TURBINEPR'

#  alpha 
#    speed 
#       index (R-line or PR)
#       Wc 
#       PR 
#       eff 
mapdata=[
[0.000000,
[ 
[ 20.0000,
[ 2.00000,2.50000,3.00000,3.50000,4.00000,4.36000,4.75000,5.00000,5.25000,5.50000,5.75000,6.00000,],
[ 81.1600,81.1600,81.1600,81.1600,81.1600,81.1600,81.1600,81.1600,81.1600,81.1600,81.1600,81.1600,],
[ 2.00000,2.50000,3.00000,3.50000,4.00000,4.36000,4.75000,5.00000,5.25000,5.50000,5.75000,6.00000,],
[ 0.527000,0.489000,0.465000,0.448000,0.435000,0.427000,0.420000,0.416000,0.413000,0.409000,0.406000,0.404000,], 
], 
[ 30.0000,
[ 2.00000,2.50000,3.00000,3.50000,4.00000,4.36000,4.75000,5.00000,5.25000,5.50000,5.75000,6.00000,],
[ 81.1600,81.1600,81.1600,81.1600,81.1600,81.1600,81.1600,81.1600,81.1600,81.1600,81.1600,81.1600,],
[ 2.00000,2.50000,3.00000,3.50000,4.00000,4.36000,4.75000,5.00000,5.25000,5.50000,5.75000,6.00000,],
[ 0.672000,0.636000,0.612000,0.594000,0.580000,0.571000,0.564000,0.559000,0.555000,0.551000,0.548000,0.545000,], 
], 
[ 40.0000,
[ 2.00000,2.50000,3.00000,3.50000,4.00000,4.36000,4.75000,5.00000,5.25000,5.50000,5.75000,6.00000,],
[ 81.1600,81.1600,81.1600,81.1600,81.1600,81.1600,81.1600,81.1600,81.1600,81.1600,81.1600,81.1600,],
[ 2.00000,2.50000,3.00000,3.50000,4.00000,4.36000,4.75000,5.00000,5.25000,5.50000,5.75000,6.00000,],
[ 0.767000,0.739000,0.718000,0.702000,0.688000,0.680000,0.672000,0.668000,0.663000,0.659000,0.656000,0.652000,], 
], 
[ 50.0000,
[ 2.00000,2.50000,3.00000,3.50000,4.00000,4.36000,4.75000,5.00000,5.25000,5.50000,5.75000,6.00000,],
[ 80.9440,81.1400,81.1400,81.1400,81.1400,81.1400,81.1400,81.1400,81.1400,81.1400,81.1400,81.1400,],
[ 2.00000,2.50000,3.00000,3.50000,4.00000,4.36000,4.75000,5.00000,5.25000,5.50000,5.75000,6.00000,],
[ 0.827000,0.810000,0.794000,0.779000,0.767000,0.759000,0.752000,0.748000,0.744000,0.740000,0.737000,0.733000,], 
], 
[ 60.0000,
[ 2.00000,2.50000,3.00000,3.50000,4.00000,4.36000,4.75000,5.00000,5.25000,5.50000,5.75000,6.00000,],
[ 79.5360,81.0310,81.0310,81.0310,81.0310,81.0310,81.0310,81.0310,81.0310,81.0310,81.0310,81.0310,],
[ 2.00000,2.50000,3.00000,3.50000,4.00000,4.36000,4.75000,5.00000,5.25000,5.50000,5.75000,6.00000,],
[ 0.863000,0.857000,0.845000,0.834000,0.824000,0.817000,0.811000,0.807000,0.804000,0.800000,0.797000,0.795000,], 
], 
[ 70.0000,
[ 2.00000,2.50000,3.00000,3.50000,4.00000,4.36000,4.75000,5.00000,5.25000,5.50000,5.75000,6.00000,],
[ 77.6810,80.4500,80.8840,80.8840,80.8840,80.8840,80.8840,80.8840,80.8840,80.8840,80.8840,80.8840,],
[ 2.00000,2.50000,3.00000,3.50000,4.00000,4.36000,4.75000,5.00000,5.25000,5.50000,5.75000,6.00000,],
[ 0.880000,0.886000,0.880000,0.872000,0.864000,0.859000,0.854000,0.851000,0.848000,0.845000,0.842000,0.839000,], 
], 
[ 80.0000,
[ 2.00000,2.50000,3.00000,3.50000,4.00000,4.36000,4.75000,5.00000,5.25000,5.50000,5.75000,6.00000,],
[ 75.8170,79.2030,80.2780,80.5880,80.6350,80.6350,80.6350,80.6350,80.6350,80.6350,80.6350,80.6350,],
[ 2.00000,2.50000,3.00000,3.50000,4.00000,4.36000,4.75000,5.00000,5.25000,5.50000,5.75000,6.00000,],
[ 0.885000,0.901000,0.901000,0.896000,0.891000,0.888000,0.884000,0.882000,0.879000,0.877000,0.874000,0.872000,], 
], 
[ 90.0000,
[ 2.00000,2.50000,3.00000,3.50000,4.00000,4.36000,4.75000,5.00000,5.25000,5.50000,5.75000,6.00000,],
[ 73.9880,77.5770,78.9680,79.5580,79.8340,79.9410,80.0070,80.0330,80.0520,80.0660,80.0760,80.0830,],
[ 2.00000,2.50000,3.00000,3.50000,4.00000,4.36000,4.75000,5.00000,5.25000,5.50000,5.75000,6.00000,],
[ 0.879000,0.905000,0.912000,0.910000,0.908000,0.906000,0.904000,0.902000,0.900000,0.898000,0.897000,0.895000,], 
], 
[ 100.000,
[ 2.00000,2.50000,3.00000,3.50000,4.00000,4.36000,4.75000,5.00000,5.25000,5.50000,5.75000,6.00000,],
[ 72.3010,75.8400,77.3390,78.0500,78.4300,78.5980,78.7140,78.7670,78.8080,78.8400,78.8650,78.8830,],
[ 2.00000,2.50000,3.00000,3.50000,4.00000,4.36000,4.75000,5.00000,5.25000,5.50000,5.75000,6.00000,],
[ 0.864000,0.902000,0.914000,0.917000,0.917000,0.917000,0.916000,0.915000,0.914000,0.912000,0.911000,0.910000,], 
], 
[ 110.000,
[ 2.00000,2.50000,3.00000,3.50000,4.00000,4.36000,4.75000,5.00000,5.25000,5.50000,5.75000,6.00000,],
[ 70.5310,73.8590,75.3340,76.0640,76.4670,76.6480,76.7720,76.8270,76.8690,76.8990,76.9210,76.9350,],
[ 2.00000,2.50000,3.00000,3.50000,4.00000,4.36000,4.75000,5.00000,5.25000,5.50000,5.75000,6.00000,],
[ 0.843000,0.892000,0.910000,0.916000,0.920000,0.921000,0.921000,0.921000,0.920000,0.920000,0.919000,0.919000,], 
], 
[ 120.000,
[ 2.00000,2.50000,3.00000,3.50000,4.00000,4.36000,4.75000,5.00000,5.25000,5.50000,5.75000,6.00000,],
[ 68.6090,71.6240,72.9970,73.6840,74.0620,74.2270,74.3350,74.3800,74.4100,74.4290,74.4380,74.4390,],
[ 2.00000,2.50000,3.00000,3.50000,4.00000,4.36000,4.75000,5.00000,5.25000,5.50000,5.75000,6.00000,],
[ 0.816000,0.875000,0.900000,0.911000,0.917000,0.920000,0.922000,0.922000,0.922000,0.922000,0.922000,0.922000,], 
], 
], 
], 
] 

# map plotting options 
scaled_map=1
scalars=[ 1.00000, 1.00000, 1.00000, 1.00000 ] 
multiple_alphas=0 
overlay=0 
show_lines=1 
index_labels=0 
Veff=[ 0.00,0.20,0.40,0.60,0.70,0.80,0.85,0.90,0.92,0.94,0.96,0.98 ] 

plot_op_points=1
op_points=[ 
  [ "DES", 77.4597, 5.43251, 0.9,  ], 
  [ "OFFDES", 77.4597, 5.43251, 0.9,  ], 
  [ "OFFDES", 77.4597, 4.38576, 0.898676,  ], 
  [ "OFFDES", 77.4597, 3.66796, 0.895915,  ], 
  [ "OFFDES", 77.4597, 3.17218, 0.889689,  ], 
  [ "OFFDES", 77.4597, 2.81431, 0.880893,  ], 
  [ "OFFDES", 77.4597, 2.54315, 0.868839,  ], 
  [ "OFFDES", 77.4597, 2.32735, 0.856638,  ], 
  [ "OFFDES", 77.4597, 2.13371, 0.851635,  ], 
  [ "OFFDES", 77.4597, 1.97649, 0.848182,  ], 
  [ "OFFDES", 77.4597, 1.8453, 0.845544,  ], 
  [ "OFFDES", 77.4597, 1.73559, 0.843466,  ], 
  [ "OFFDES", 77.4597, 1.64619, 0.841914,  ], 
  [ "OFFDES", 77.4597, 1.56941, 0.840673,  ], 
  [ "OFFDES", 77.4597, 1.50498, 0.839691,  ], 
  [ "DONE", 77.4597, 1.50498, 0.839691,  ], 
]
