mapname = 'EM1'
maptype = 'MOTORGENERATOR'

#  torque 
#    speed 
#       eff 
mapdata=[
[0.0,
[ 
[ 0.0400000,
[ 0.0833330,0.166670,0.250000,0.333330,0.416670,0.500000,0.583330,0.666670,0.750000,0.833330,0.916670,1.00000,],
[ 0.873000,0.863000,0.854000,0.846000,0.839000,0.833000,0.826000,0.820000,0.814000,0.808000,0.803000,0.797000,],
], 
[ 0.104000,
[ 0.0833330,0.166670,0.250000,0.333330,0.416670,0.500000,0.583330,0.666670,0.750000,0.833330,0.916670,1.00000,],
[ 0.928000,0.932000,0.930000,0.928000,0.926000,0.923000,0.920000,0.918000,0.915000,0.912000,0.909000,0.907000,],
], 
[ 0.168000,
[ 0.0833330,0.166670,0.250000,0.333330,0.416670,0.500000,0.583330,0.666670,0.750000,0.833330,0.916670,1.00000,],
[ 0.932000,0.944000,0.947000,0.947000,0.947000,0.946000,0.945000,0.943000,0.942000,0.940000,0.938000,0.937000,],
], 
[ 0.232000,
[ 0.0833330,0.166670,0.250000,0.333330,0.416670,0.500000,0.583330,0.666670,0.750000,0.833330,0.916670,1.00000,],
[ 0.927000,0.946000,0.952000,0.954000,0.955000,0.955000,0.954000,0.954000,0.953000,0.952000,0.951000,0.950000,],
], 
[ 0.296000,
[ 0.0833330,0.166670,0.250000,0.333330,0.416670,0.500000,0.583330,0.666670,0.750000,0.833330,0.916670,1.00000,],
[ 0.918000,0.944000,0.952000,0.956000,0.958000,0.958000,0.959000,0.959000,0.958000,0.958000,0.957000,0.956000,],
], 
[ 0.360000,
[ 0.0833330,0.166670,0.250000,0.333330,0.416670,0.500000,0.583330,0.666670,0.750000,0.833330,0.916670,1.00000,],
[ 0.908000,0.940000,0.951000,0.956000,0.958000,0.960000,0.961000,0.961000,0.961000,0.961000,0.960000,0.960000,],
], 
[ 0.424000,
[ 0.0833330,0.166670,0.250000,0.333330,0.416670,0.500000,0.583330,0.666670,0.750000,0.833330,0.916670,1.00000,],
[ 0.898000,0.935000,0.948000,0.954000,0.958000,0.960000,0.961000,0.962000,0.962000,0.962000,0.962000,0.962000,],
], 
[ 0.488000,
[ 0.0833330,0.166670,0.250000,0.333330,0.416670,0.500000,0.583330,0.666670,0.750000,0.833330,0.916670,1.00000,],
[ 0.887000,0.930000,0.945000,0.952000,0.956000,0.959000,0.960000,0.962000,0.962000,0.963000,0.963000,0.963000,],
], 
[ 0.552000,
[ 0.0833330,0.166670,0.250000,0.333330,0.416670,0.500000,0.583330,0.666670,0.750000,0.833330,0.916670,1.00000,],
[ 0.876000,0.924000,0.941000,0.949000,0.954000,0.957000,0.960000,0.961000,0.962000,0.962000,0.963000,0.963000,],
], 
[ 0.616000,
[ 0.0833330,0.166670,0.250000,0.333330,0.416670,0.500000,0.583330,0.666670,0.750000,0.833330,0.916670,1.00000,],
[ 0.865000,0.918000,0.937000,0.946000,0.952000,0.956000,0.958000,0.960000,0.961000,0.962000,0.962000,0.962000,],
], 
[ 0.680000,
[ 0.0833330,0.166670,0.250000,0.333330,0.416670,0.500000,0.583330,0.666670,0.750000,0.833330,0.916670,1.00000,],
[ 0.854000,0.912000,0.932000,0.943000,0.949000,0.953000,0.956000,0.958000,0.960000,0.961000,0.961000,0.962000,],
], 
[ 0.744000,
[ 0.0833330,0.166670,0.250000,0.333330,0.416670,0.500000,0.583330,0.666670,0.750000,0.833330,0.916670,1.00000,],
[ 0.843000,0.905000,0.928000,0.939000,0.947000,0.951000,0.954000,0.957000,0.958000,0.959000,0.960000,0.961000,],
], 
[ 0.808000,
[ 0.0833330,0.166670,0.250000,0.333330,0.416670,0.500000,0.583330,0.666670,0.750000,0.833330,0.916670,1.00000,],
[ 0.832000,0.899000,0.923000,0.936000,0.944000,0.949000,0.952000,0.955000,0.957000,0.958000,0.959000,0.959000,],
], 
[ 0.872000,
[ 0.0833330,0.166670,0.250000,0.333330,0.416670,0.500000,0.583330,0.666670,0.750000,0.833330,0.916670,1.00000,],
[ 0.821000,0.892000,0.918000,0.932000,0.940000,0.946000,0.950000,0.953000,0.955000,0.956000,0.957000,0.958000,],
], 
[ 0.936000,
[ 0.0833330,0.166670,0.250000,0.333330,0.416670,0.500000,0.583330,0.666670,0.750000,0.833330,0.916670,1.00000,],
[ 0.808000,0.884000,0.912000,0.927000,0.936000,0.942000,0.947000,0.950000,0.952000,0.954000,0.955000,0.956000,],
], 
[ 1.00000,
[ 0.0833330,0.166670,0.250000,0.333330,0.416670,0.500000,0.583330,0.666670,0.750000,0.833330,0.916670,1.00000,],
[ 0.796000,0.877000,0.907000,0.923000,0.933000,0.939000,0.944000,0.948000,0.950000,0.952000,0.953000,0.954000,],
], 
], 
], 
] 

# map plotting options 
scaled_map=1
scalars=[ 1.00000, 1.00000, 1.00000, 1.00000 ] 
multiple_alphas=0 
overlay=0 
show_lines=1 
index_labels=0 
Veff=[ 0.00,0.20,0.40,0.60,0.70,0.80,0.85,0.90,0.92,0.94,0.96,0.98 ] 

plot_op_points=1
op_points=[ 
  [ "DES", 0.488, 0.5, 0.959,  ], 
  [ "OFFDES", 0.488, 0.5, 0.959,  ], 
  [ "OFFDES", 0.4392, 0.5, 0.959763,  ], 
  [ "OFFDES", 0.39528, 0.5, 0.96,  ], 
  [ "OFFDES", 0.355752, 0.5, 0.959867,  ], 
  [ "OFFDES", 0.320177, 0.5, 0.958756,  ], 
  [ "OFFDES", 0.288159, 0.5, 0.957632,  ], 
  [ "OFFDES", 0.259343, 0.5, 0.956282,  ], 
  [ "OFFDES", 0.233409, 0.5, 0.955066,  ], 
  [ "OFFDES", 0.210068, 0.5, 0.951916,  ], 
  [ "OFFDES", 0.189061, 0.5, 0.948962,  ], 
  [ "OFFDES", 0.170155, 0.5, 0.946303,  ], 
  [ "OFFDES", 0.15314, 0.5, 0.94066,  ], 
  [ "OFFDES", 0.137826, 0.5, 0.935156,  ], 
  [ "OFFDES", 0.124043, 0.5, 0.930203,  ], 
  [ "DONE", 0.124043, 0.5, 0.930203,  ], 
]
